0 0.000000 0.000000
1 0.010000 0.000000
2 0.010000 0.000000
3 0.010000 0.000000
4 0.030000 0.000000
5 0.050000 0.000000
6 0.040000 0.000000
7 0.030000 0.000000
8 0.070000 0.000000
9 0.090000 0.000000
10 0.030000 0.000000
11 0.110000 0.000000
12 0.010000 0.000000
13 0.120000 0.000000
14 0.070000 0.000000
15 0.030000 0.000000
16 0.060000 0.000000
17 0.070000 0.000000
18 0.020000 0.000000
19 0.030000 0.000000
20 0.040000 0.000000
21 0.030000 0.000000
22 0.020000 0.000000
23 0.000000 0.000000
24 0.010000 0.000000
25 0.000000 0.000000
26 0.000000 0.000000
27 0.000000 0.000000
28 0.000000 0.000000
29 0.000000 0.000000
30 0.000000 0.000000
31 0.000000 0.000000
32 0.000000 0.000000
33 0.000000 0.000000
34 0.000000 0.000000
35 0.000000 0.000000
36 0.000000 0.000000
37 0.000000 0.000000
38 0.000000 0.000000
39 0.000000 0.000000
40 0.000000 0.000000
41 0.000000 0.000000
42 0.000000 0.000000
43 0.000000 0.000000
44 0.000000 0.000000
45 0.000000 0.000000
46 0.000000 0.000000
47 0.000000 0.000000
48 0.000000 0.000000
49 0.000000 0.000000
50 0.000000 0.000000
51 0.000000 0.000000
52 0.000000 0.000000
53 0.000000 0.000000
54 0.000000 0.000000
55 0.000000 0.000000
56 0.000000 0.010000
57 0.000000 0.000000
58 0.000000 0.010000
59 0.000000 0.010000
60 0.000000 0.010000
61 0.000000 0.000000
62 0.000000 0.010000
63 0.000000 0.010000
64 0.000000 0.010000
65 0.000000 0.010000
66 0.000000 0.010000
67 0.000000 0.010000
68 0.000000 0.010000
69 0.000000 0.010000
70 0.000000 0.010000
71 0.000000 0.010000
72 0.000000 0.010000
73 0.000000 0.010000
74 0.000000 0.010000
75 0.000000 0.010000
76 0.000000 0.010000
77 0.000000 0.010000
78 0.000000 0.010000
