0 0.000000 0.000000 0.000000 0.000000
1 0.000000 0.000000 0.000000 0.000000
2 0.000000 0.000000 0.000000 0.000000
3 0.000000 0.000000 0.000000 0.000000
4 0.000000 0.000000 0.000000 0.000000
5 0.000000 0.000000 0.000000 0.000000
6 0.000000 0.000000 0.000000 0.000000
7 0.000000 0.000000 0.000000 0.000000
8 0.000000 0.000000 0.000000 0.000000
9 0.000000 0.000000 0.000000 0.000000
10 0.000000 0.000000 0.000000 0.000000
11 0.000000 0.000000 0.000000 0.000000
12 0.000000 0.000000 0.000000 0.000000
13 0.000000 0.000000 0.000000 0.000000
14 0.000000 0.000000 0.000000 0.000000
15 0.000000 0.000000 0.000000 0.000000
16 0.000000 0.000000 0.000000 0.000000
17 0.000000 0.000000 0.000000 0.000000
18 0.000000 0.000000 0.000000 0.000000
19 0.000000 0.000000 0.000000 0.000000
20 0.000000 0.000000 0.000000 0.000000
21 0.000000 0.000000 0.000000 0.000000
22 0.000000 0.000000 0.000000 0.000000
23 0.000000 0.000000 0.000000 0.000000
24 0.000000 0.000000 0.000000 0.000000
25 0.000000 0.000000 0.000000 0.000000
26 0.000000 0.000000 0.000000 0.000000
27 0.000000 0.000000 0.000000 0.000000
28 0.000000 0.000000 0.000000 0.000000
29 0.000000 0.000000 0.000000 0.000000
30 0.000000 0.000000 0.000000 0.000000
31 0.000000 0.000000 0.000000 0.000000
32 0.000000 0.000000 0.000000 0.000000
33 0.000000 0.000000 0.000000 0.000000
34 0.000000 0.000000 0.000000 0.000000
35 0.000000 0.000000 0.000000 0.000000
36 0.000000 0.000000 0.000000 0.000000
37 0.000000 0.000000 0.000000 0.000000
38 0.000000 0.000000 0.000000 0.000000
39 0.000000 0.000000 0.000000 0.000000
40 0.000000 0.000000 0.000000 0.000000
41 0.000000 0.000000 0.000000 0.000000
42 0.000000 0.000000 0.000000 0.000000
43 0.000000 0.000000 0.000000 0.000000
44 0.000000 0.000000 0.000000 0.000000
45 0.000000 0.000000 0.000000 0.000000
46 0.000000 0.000000 0.000000 0.000000
47 0.000000 0.000000 0.000000 0.000000
48 0.000000 0.000000 0.000000 0.000000
49 0.000000 0.000000 0.000000 0.000000
50 0.000000 0.000000 0.000000 0.000000
51 0.000000 0.000000 0.000000 0.000000
52 0.000000 0.000000 0.000000 0.000000
53 0.000000 0.000000 0.000000 0.000000
54 0.000000 0.000000 0.000000 0.000000
55 0.000000 0.000000 0.000000 0.000000
56 0.000000 0.000000 0.000000 0.000000
57 0.000000 0.000000 0.000000 0.000000
58 0.000000 0.000000 0.000000 0.000000
59 0.000000 0.000000 0.000000 0.000000
60 0.000000 0.000000 0.000000 0.000000
61 0.000000 0.000000 0.000000 0.000000
62 0.000000 0.000000 0.000000 0.000000
63 0.000000 0.000000 0.000000 0.000000
64 0.000000 0.000000 0.000000 0.000000
65 0.000000 0.000000 0.000000 0.000000
66 0.000000 0.000000 0.000000 0.000000
67 0.000000 0.000000 0.000000 0.000000
68 0.000000 0.000000 0.000000 0.000000
69 0.000000 0.000000 0.000000 0.000000
70 0.000000 0.000000 0.000000 0.000000
71 0.000000 0.000000 0.000000 0.000000
72 0.000000 0.000000 0.000000 0.000000
73 0.000000 0.000000 0.000000 0.000000
74 0.000000 0.000000 0.000000 0.000000
75 0.000000 0.000000 0.000000 0.000000
76 0.000000 0.000000 0.000000 0.000000
77 0.000000 0.000000 0.000000 0.000000
78 0.000000 0.000000 0.000000 0.000000
79 0.000000 0.000000 0.000000 0.000000
80 0.000000 0.000000 0.000000 0.000000
81 0.000000 0.000000 0.000000 0.000000
82 0.000000 0.000000 0.000000 0.000000
83 0.000000 0.000000 0.000000 0.000000
84 0.000000 0.000000 0.000000 0.000000
85 0.000000 0.000000 0.000000 0.000000
86 0.000000 0.000000 0.000000 0.000000
87 0.000000 0.000000 0.000000 0.000000
88 0.000000 0.000000 0.000000 0.000000
89 0.000000 0.000000 0.000000 0.000000
90 0.000000 0.000000 0.000000 0.000000
91 0.000000 0.000000 0.000000 0.000000
92 0.000000 0.000000 0.000000 0.000000
93 0.000000 0.000000 0.000000 0.000000
94 0.000000 0.000000 0.000000 0.000000
95 0.000000 0.000000 0.000000 0.000000
96 0.000000 0.000000 0.000000 0.000000
97 0.000000 0.000000 0.000000 0.000000
98 0.000000 0.000000 0.000000 0.000000
99 0.000000 0.000000 0.000000 0.000000
100 1.000000 0.000001 0.000000 0.000000
101 0.000000 0.000000 0.000000 0.000000
102 0.000000 0.000000 0.000000 0.000000
103 0.000000 0.000000 0.000000 0.000000
104 0.000000 0.000000 0.000000 0.000000
105 0.000000 0.000000 0.000000 0.000000
106 1.000000 0.000001 0.000000 0.000000
107 0.000000 0.000000 0.000000 0.000000
108 0.000000 0.000000 0.000000 0.000000
109 2.000000 0.000002 0.000000 0.000000
110 0.000000 0.000000 0.000000 0.000000
111 1.000000 0.000001 0.000000 0.000000
112 0.000000 0.000000 0.000000 0.000000
113 1.000000 0.000001 0.000000 0.000000
114 1.000000 0.000001 0.000000 0.000000
115 0.000000 0.000000 0.000000 0.000000
116 2.000000 0.000002 0.000000 0.000000
117 0.000000 0.000000 0.000000 0.000000
118 1.000000 0.000001 0.000000 0.000000
119 0.000000 0.000000 0.000000 0.000000
120 1.000000 0.000001 0.000000 0.000000
121 1.000000 0.000001 0.000000 0.000000
122 2.000000 0.000002 0.000000 0.000000
123 1.000000 0.000001 0.000000 0.000000
124 3.000000 0.000003 0.000000 0.000000
125 3.000000 0.000003 0.000000 0.000000
126 3.000000 0.000003 0.000000 0.000000
127 4.000000 0.000004 0.000000 0.000000
128 3.000000 0.000003 0.000000 0.000000
129 4.000000 0.000004 0.000000 0.000000
130 8.000000 0.000008 0.000000 0.000000
131 3.000000 0.000003 0.000000 0.000000
132 1.000000 0.000001 0.000000 0.000000
133 3.000000 0.000003 0.000000 0.000000
134 5.000000 0.000005 0.000000 0.000000
135 3.000000 0.000003 0.000000 0.000000
136 7.000000 0.000007 0.000000 0.000000
137 11.000000 0.000011 0.000000 0.000000
138 7.000000 0.000007 0.000000 0.000000
139 2.000000 0.000002 0.000000 0.000000
140 7.000000 0.000007 0.000000 0.000000
141 9.000000 0.000009 0.000000 0.000000
142 8.000000 0.000008 0.000000 0.000000
143 13.000000 0.000013 0.000000 0.000000
144 10.000000 0.000010 0.000000 0.000000
145 11.000000 0.000011 0.000000 0.000000
146 10.000000 0.000010 0.000000 0.000000
147 6.000000 0.000006 0.000000 0.000000
148 10.000000 0.000010 0.000000 0.000000
149 13.000000 0.000013 0.000000 0.000000
150 11.000000 0.000011 0.000000 0.000000
151 15.000000 0.000015 0.000000 0.000000
152 19.000000 0.000019 0.000000 0.000000
153 18.000000 0.000018 0.000000 0.000000
154 14.000000 0.000014 0.000000 0.000000
155 19.000000 0.000019 0.000000 0.000000
156 21.000000 0.000021 0.000000 0.000000
157 25.000000 0.000025 0.000000 0.000000
158 21.000000 0.000021 0.000000 0.000000
159 18.000000 0.000018 0.000000 0.000000
160 27.000000 0.000027 0.000000 0.000000
161 29.000000 0.000029 0.000000 0.000000
162 29.000000 0.000029 0.000000 0.000000
163 28.000000 0.000028 0.000000 0.000000
164 34.000000 0.000034 0.000000 0.000000
165 37.000000 0.000037 0.000000 0.000000
166 34.000000 0.000034 0.000000 0.000000
167 31.000000 0.000031 0.000000 0.000000
168 41.000000 0.000041 0.000000 0.000000
169 44.000000 0.000044 0.000000 0.000000
170 37.000000 0.000037 0.000000 0.000000
171 32.000000 0.000032 0.000000 0.000000
172 43.000000 0.000043 0.000000 0.000000
173 46.000000 0.000046 0.000000 0.000000
174 47.000000 0.000047 0.000000 0.000000
175 47.000000 0.000047 0.000000 0.000000
176 52.000000 0.000052 0.000000 0.000000
177 49.000000 0.000049 0.000000 0.000000
178 50.000000 0.000050 0.000000 0.000000
179 35.000000 0.000035 0.000000 0.000000
180 42.000000 0.000042 0.000000 0.000000
181 42.000000 0.000042 0.000000 0.000000
182 44.000000 0.000044 0.000000 0.000000
183 55.000000 0.000055 0.000000 0.000000
184 62.000000 0.000062 0.000000 0.000000
185 61.000000 0.000061 0.000000 0.000000
186 64.000000 0.000064 0.000000 0.000000
187 75.000000 0.000075 0.000000 0.000000
188 76.000000 0.000076 0.000000 0.000000
189 74.000000 0.000074 0.000000 0.000000
190 79.000000 0.000079 0.000000 0.000000
191 77.000000 0.000077 0.000000 0.000000
192 71.000000 0.000071 0.000000 0.000000
193 80.000000 0.000080 0.000000 0.000000
194 107.000000 0.000107 0.000000 0.000000
195 83.000000 0.000083 0.000000 0.000000
196 85.000000 0.000085 0.000000 0.000000
197 91.000000 0.000091 0.000000 0.000000
198 86.000000 0.000086 0.000000 0.000000
199 91.000000 0.000091 0.000000 0.000000
200 97.000000 0.000097 0.000000 0.000000
201 106.000000 0.000106 0.000000 0.000000
202 101.000000 0.000101 0.000000 0.000000
203 85.000000 0.000085 0.000000 0.000000
204 101.000000 0.000101 0.000000 0.000000
205 126.000000 0.000126 0.000000 0.000000
206 101.000000 0.000101 2.000000 0.000002
207 148.000000 0.000148 1.000000 0.000001
208 102.000000 0.000102 2.000000 0.000002
209 127.000000 0.000127 2.000000 0.000002
210 148.000000 0.000148 2.000000 0.000002
211 134.000000 0.000134 2.000000 0.000002
212 141.000000 0.000141 1.000000 0.000001
213 142.000000 0.000142 4.000000 0.000004
214 140.000000 0.000140 2.000000 0.000002
215 145.000000 0.000145 3.000000 0.000003
216 141.000000 0.000141 1.000000 0.000001
217 161.000000 0.000161 8.000000 0.000008
218 157.000000 0.000157 0.000000 0.000000
219 178.000000 0.000178 3.000000 0.000003
220 164.000000 0.000164 1.000000 0.000001
221 166.000000 0.000166 6.000000 0.000006
222 192.000000 0.000192 6.000000 0.000006
223 187.000000 0.000187 3.000000 0.000003
224 180.000000 0.000180 3.000000 0.000003
225 169.000000 0.000169 5.000000 0.000005
226 171.000000 0.000171 4.000000 0.000004
227 224.000000 0.000224 7.000000 0.000007
228 205.000000 0.000205 3.000000 0.000003
229 213.000000 0.000213 7.000000 0.000007
230 197.000000 0.000197 11.000000 0.000011
231 237.000000 0.000237 7.000000 0.000007
232 225.000000 0.000225 10.000000 0.000010
233 224.000000 0.000224 12.000000 0.000012
234 215.000000 0.000215 11.000000 0.000011
235 216.000000 0.000216 10.000000 0.000010
236 251.000000 0.000251 12.000000 0.000012
237 266.000000 0.000266 12.000000 0.000012
238 210.000000 0.000210 17.000000 0.000017
239 244.000000 0.000244 10.000000 0.000010
240 238.000000 0.000238 12.000000 0.000012
241 283.000000 0.000283 19.000000 0.000019
242 280.000000 0.000280 22.000000 0.000022
243 288.000000 0.000288 23.000000 0.000023
244 293.000000 0.000293 20.000000 0.000020
245 263.000000 0.000263 26.000000 0.000026
246 313.000000 0.000313 23.000000 0.000023
247 294.000000 0.000294 36.000000 0.000036
248 294.000000 0.000294 34.000000 0.000034
249 340.000000 0.000340 20.000000 0.000020
250 346.000000 0.000346 26.000000 0.000026
251 370.000000 0.000370 37.000000 0.000037
252 339.000000 0.000339 28.000000 0.000028
253 358.000000 0.000358 44.000000 0.000044
254 333.000000 0.000333 21.000000 0.000021
255 353.000000 0.000353 46.000000 0.000046
256 354.000000 0.000354 48.000000 0.000048
257 377.000000 0.000377 40.000000 0.000040
258 376.000000 0.000376 46.000000 0.000046
259 365.000000 0.000365 44.000000 0.000044
260 399.000000 0.000399 43.000000 0.000043
261 385.000000 0.000385 40.000000 0.000040
262 431.000000 0.000431 49.000000 0.000049
263 418.000000 0.000418 42.000000 0.000042
264 381.000000 0.000381 49.000000 0.000049
265 425.000000 0.000425 69.000000 0.000069
266 434.000000 0.000434 68.000000 0.000068
267 462.000000 0.000462 88.000000 0.000088
268 417.000000 0.000417 62.000000 0.000062
269 438.000000 0.000438 77.000000 0.000077
270 440.000000 0.000440 73.000000 0.000073
271 463.000000 0.000463 79.000000 0.000079
272 500.000000 0.000500 78.000000 0.000078
273 462.000000 0.000462 80.000000 0.000080
274 474.000000 0.000474 74.000000 0.000074
275 482.000000 0.000482 71.000000 0.000071
276 517.000000 0.000517 107.000000 0.000107
277 476.000000 0.000476 83.000000 0.000083
278 523.000000 0.000523 83.000000 0.000083
279 537.000000 0.000537 96.000000 0.000096
280 568.000000 0.000568 89.000000 0.000089
281 543.000000 0.000543 111.000000 0.000111
282 560.000000 0.000560 107.000000 0.000107
283 553.000000 0.000553 102.000000 0.000102
284 563.000000 0.000563 137.000000 0.000137
285 617.000000 0.000617 116.000000 0.000116
286 589.000000 0.000589 118.000000 0.000118
287 627.000000 0.000627 146.000000 0.000146
288 607.000000 0.000607 120.000000 0.000120
289 626.000000 0.000626 152.000000 0.000152
290 621.000000 0.000621 132.000000 0.000132
291 577.000000 0.000577 145.000000 0.000145
292 670.000000 0.000670 122.000000 0.000122
293 695.000000 0.000695 142.000000 0.000142
294 710.000000 0.000710 135.000000 0.000135
295 709.000000 0.000709 164.000000 0.000164
296 677.000000 0.000677 186.000000 0.000186
297 702.000000 0.000702 172.000000 0.000172
298 704.000000 0.000704 174.000000 0.000174
299 681.000000 0.000681 189.000000 0.000189
300 693.000000 0.000693 185.000000 0.000185
301 755.000000 0.000755 176.000000 0.000176
302 752.000000 0.000752 184.000000 0.000184
303 748.000000 0.000748 194.000000 0.000194
304 790.000000 0.000790 208.000000 0.000208
305 808.000000 0.000808 194.000000 0.000194
306 783.000000 0.000783 215.000000 0.000215
307 830.000000 0.000830 221.000000 0.000221
308 788.000000 0.000788 220.000000 0.000220
309 793.000000 0.000793 214.000000 0.000214
310 846.000000 0.000846 251.000000 0.000251
311 889.000000 0.000889 237.000000 0.000237
312 865.000000 0.000865 274.000000 0.000274
313 923.000000 0.000923 243.000000 0.000243
314 892.000000 0.000892 244.000000 0.000244
315 872.000000 0.000872 252.000000 0.000252
316 958.000000 0.000958 250.000000 0.000250
317 904.000000 0.000904 266.000000 0.000266
318 958.000000 0.000958 299.000000 0.000299
319 933.000000 0.000933 307.000000 0.000307
320 946.000000 0.000946 282.000000 0.000282
321 969.000000 0.000969 308.000000 0.000308
322 968.000000 0.000968 300.000000 0.000300
323 1031.000000 0.001031 344.000000 0.000344
324 1006.000000 0.001006 346.000000 0.000346
325 998.000000 0.000998 363.000000 0.000363
326 1030.000000 0.001030 330.000000 0.000330
327 1066.000000 0.001066 385.000000 0.000385
328 1001.000000 0.001001 359.000000 0.000359
329 1094.000000 0.001094 376.000000 0.000376
330 1084.000000 0.001084 391.000000 0.000391
331 1039.000000 0.001039 373.000000 0.000373
332 1121.000000 0.001121 391.000000 0.000391
333 1146.000000 0.001146 430.000000 0.000430
334 1157.000000 0.001157 388.000000 0.000388
335 1169.000000 0.001169 433.000000 0.000433
336 1127.000000 0.001127 413.000000 0.000413
337 1129.000000 0.001129 424.000000 0.000424
338 1173.000000 0.001173 436.000000 0.000436
339 1170.000000 0.001170 442.000000 0.000442
340 1309.000000 0.001309 456.000000 0.000456
341 1245.000000 0.001245 483.000000 0.000483
342 1216.000000 0.001216 487.000000 0.000487
343 1283.000000 0.001283 505.000000 0.000505
344 1222.000000 0.001222 487.000000 0.000487
345 1243.000000 0.001243 507.000000 0.000507
346 1276.000000 0.001276 513.000000 0.000513
347 1203.000000 0.001203 564.000000 0.000564
348 1298.000000 0.001298 543.000000 0.000543
349 1351.000000 0.001351 563.000000 0.000563
350 1351.000000 0.001351 560.000000 0.000560
351 1311.000000 0.001311 556.000000 0.000556
352 1385.000000 0.001385 599.000000 0.000599
353 1473.000000 0.001473 565.000000 0.000565
354 1450.000000 0.001450 593.000000 0.000593
355 1392.000000 0.001392 598.000000 0.000598
356 1448.000000 0.001448 607.000000 0.000607
357 1466.000000 0.001466 634.000000 0.000634
358 1466.000000 0.001466 649.000000 0.000649
359 1495.000000 0.001495 670.000000 0.000670
360 1429.000000 0.001429 688.000000 0.000688
361 1499.000000 0.001499 679.000000 0.000679
362 1516.000000 0.001516 725.000000 0.000725
363 1480.000000 0.001480 712.000000 0.000712
364 1547.000000 0.001547 776.000000 0.000776
365 1506.000000 0.001506 739.000000 0.000739
366 1552.000000 0.001552 727.000000 0.000727
367 1569.000000 0.001569 761.000000 0.000761
368 1705.000000 0.001705 750.000000 0.000750
369 1665.000000 0.001665 792.000000 0.000792
370 1524.000000 0.001524 821.000000 0.000821
371 1592.000000 0.001592 793.000000 0.000793
372 1671.000000 0.001671 802.000000 0.000802
373 1684.000000 0.001684 783.000000 0.000783
374 1689.000000 0.001689 855.000000 0.000855
375 1589.000000 0.001589 859.000000 0.000859
376 1687.000000 0.001687 866.000000 0.000866
377 1678.000000 0.001678 807.000000 0.000807
378 1741.000000 0.001741 922.000000 0.000922
379 1835.000000 0.001835 887.000000 0.000887
380 1774.000000 0.001774 917.000000 0.000917
381 1736.000000 0.001736 914.000000 0.000914
382 1771.000000 0.001771 965.000000 0.000965
383 1792.000000 0.001792 1008.000000 0.001008
384 1796.000000 0.001796 1019.000000 0.001019
385 1831.000000 0.001831 1062.000000 0.001062
386 1831.000000 0.001831 1001.000000 0.001001
387 1796.000000 0.001796 1010.000000 0.001010
388 1805.000000 0.001805 1075.000000 0.001075
389 1869.000000 0.001869 1023.000000 0.001023
390 1936.000000 0.001936 1018.000000 0.001018
391 1988.000000 0.001988 1033.000000 0.001033
392 1936.000000 0.001936 1120.000000 0.001120
393 1892.000000 0.001892 1100.000000 0.001100
394 1940.000000 0.001940 1144.000000 0.001144
395 1881.000000 0.001881 1150.000000 0.001150
396 1871.000000 0.001871 1161.000000 0.001161
397 2026.000000 0.002026 1119.000000 0.001119
398 2006.000000 0.002006 1131.000000 0.001131
399 2038.000000 0.002038 1224.000000 0.001224
400 2044.000000 0.002044 1215.000000 0.001215
401 2007.000000 0.002007 1244.000000 0.001244
402 2047.000000 0.002047 1279.000000 0.001279
403 2115.000000 0.002115 1227.000000 0.001227
404 2153.000000 0.002153 1295.000000 0.001295
405 2155.000000 0.002155 1284.000000 0.001284
406 2183.000000 0.002183 1391.000000 0.001391
407 2128.000000 0.002128 1344.000000 0.001344
408 2140.000000 0.002140 1333.000000 0.001333
409 2186.000000 0.002186 1382.000000 0.001382
410 2222.000000 0.002222 1371.000000 0.001371
411 2270.000000 0.002270 1480.000000 0.001480
412 2192.000000 0.002192 1475.000000 0.001475
413 2193.000000 0.002193 1469.000000 0.001469
414 2244.000000 0.002244 1517.000000 0.001517
415 2196.000000 0.002196 1523.000000 0.001523
416 2242.000000 0.002242 1492.000000 0.001492
417 2252.000000 0.002252 1513.000000 0.001513
418 2307.000000 0.002307 1554.000000 0.001554
419 2287.000000 0.002287 1590.000000 0.001590
420 2297.000000 0.002297 1569.000000 0.001569
421 2264.000000 0.002264 1519.000000 0.001519
422 2278.000000 0.002278 1589.000000 0.001589
423 2325.000000 0.002325 1600.000000 0.001600
424 2372.000000 0.002372 1654.000000 0.001654
425 2341.000000 0.002341 1644.000000 0.001644
426 2344.000000 0.002344 1647.000000 0.001647
427 2431.000000 0.002431 1809.000000 0.001809
428 2445.000000 0.002445 1678.000000 0.001678
429 2425.000000 0.002425 1694.000000 0.001694
430 2436.000000 0.002436 1767.000000 0.001767
431 2444.000000 0.002444 1780.000000 0.001780
432 2550.000000 0.002550 1786.000000 0.001786
433 2490.000000 0.002490 1728.000000 0.001728
434 2503.000000 0.002503 1784.000000 0.001784
435 2525.000000 0.002525 1833.000000 0.001833
436 2444.000000 0.002444 1777.000000 0.001777
437 2502.000000 0.002502 1789.000000 0.001789
438 2582.000000 0.002582 1940.000000 0.001940
439 2559.000000 0.002559 1909.000000 0.001909
440 2595.000000 0.002595 1852.000000 0.001852
441 2504.000000 0.002504 1970.000000 0.001970
442 2585.000000 0.002585 1906.000000 0.001906
443 2507.000000 0.002507 1916.000000 0.001916
444 2573.000000 0.002573 2007.000000 0.002007
445 2664.000000 0.002664 2069.000000 0.002069
446 2667.000000 0.002667 2001.000000 0.002001
447 2660.000000 0.002660 2106.000000 0.002106
448 2564.000000 0.002564 1987.000000 0.001987
449 2672.000000 0.002672 2041.000000 0.002041
450 2657.000000 0.002657 2101.000000 0.002101
451 2665.000000 0.002665 2143.000000 0.002143
452 2572.000000 0.002572 2201.000000 0.002201
453 2698.000000 0.002698 2037.000000 0.002037
454 2706.000000 0.002706 2299.000000 0.002299
455 2731.000000 0.002731 2152.000000 0.002152
456 2619.000000 0.002619 2287.000000 0.002287
457 2661.000000 0.002661 2241.000000 0.002241
458 2785.000000 0.002785 2265.000000 0.002265
459 2793.000000 0.002793 2321.000000 0.002321
460 2809.000000 0.002809 2264.000000 0.002264
461 2737.000000 0.002737 2366.000000 0.002366
462 2749.000000 0.002749 2310.000000 0.002310
463 2763.000000 0.002763 2335.000000 0.002335
464 2849.000000 0.002849 2368.000000 0.002368
465 2861.000000 0.002861 2320.000000 0.002320
466 2792.000000 0.002792 2369.000000 0.002369
467 2748.000000 0.002748 2323.000000 0.002323
468 2798.000000 0.002798 2430.000000 0.002430
469 2857.000000 0.002857 2372.000000 0.002372
470 2763.000000 0.002763 2421.000000 0.002421
471 2933.000000 0.002933 2500.000000 0.002500
472 2932.000000 0.002932 2510.000000 0.002510
473 2824.000000 0.002824 2566.000000 0.002566
474 2914.000000 0.002914 2496.000000 0.002496
475 2850.000000 0.002850 2594.000000 0.002594
476 2941.000000 0.002941 2469.000000 0.002469
477 2949.000000 0.002949 2482.000000 0.002482
478 2928.000000 0.002928 2616.000000 0.002616
479 2981.000000 0.002981 2633.000000 0.002633
480 2851.000000 0.002851 2622.000000 0.002622
481 2923.000000 0.002923 2597.000000 0.002597
482 2971.000000 0.002971 2641.000000 0.002641
483 2944.000000 0.002944 2536.000000 0.002536
484 3017.000000 0.003017 2713.000000 0.002713
485 2850.000000 0.002850 2728.000000 0.002728
486 2923.000000 0.002923 2781.000000 0.002781
487 3033.000000 0.003033 2750.000000 0.002750
488 2979.000000 0.002979 2817.000000 0.002817
489 2882.000000 0.002882 2714.000000 0.002714
490 3049.000000 0.003049 2714.000000 0.002714
491 3058.000000 0.003058 2816.000000 0.002816
492 2993.000000 0.002993 2775.000000 0.002775
493 2889.000000 0.002889 2735.000000 0.002735
494 2893.000000 0.002893 2819.000000 0.002819
495 3091.000000 0.003091 2852.000000 0.002852
496 2949.000000 0.002949 2812.000000 0.002812
497 2998.000000 0.002998 2843.000000 0.002843
498 3117.000000 0.003117 2847.000000 0.002847
499 3113.000000 0.003113 2903.000000 0.002903
500 3039.000000 0.003039 2867.000000 0.002867
501 3021.000000 0.003021 2921.000000 0.002921
502 3010.000000 0.003010 2923.000000 0.002923
503 3082.000000 0.003082 2972.000000 0.002972
504 2971.000000 0.002971 2921.000000 0.002921
505 3040.000000 0.003040 2884.000000 0.002884
506 2987.000000 0.002987 3033.000000 0.003033
507 2973.000000 0.002973 3158.000000 0.003158
508 3060.000000 0.003060 3004.000000 0.003004
509 3165.000000 0.003165 3126.000000 0.003126
510 2984.000000 0.002984 3060.000000 0.003060
511 3018.000000 0.003018 3115.000000 0.003115
512 3059.000000 0.003059 3018.000000 0.003018
513 3017.000000 0.003017 3054.000000 0.003054
514 3051.000000 0.003051 3120.000000 0.003120
515 3073.000000 0.003073 3133.000000 0.003133
516 2979.000000 0.002979 3139.000000 0.003139
517 3135.000000 0.003135 3158.000000 0.003158
518 2946.000000 0.002946 3206.000000 0.003206
519 3035.000000 0.003035 3195.000000 0.003195
520 3083.000000 0.003083 3072.000000 0.003072
521 2983.000000 0.002983 3177.000000 0.003177
522 3119.000000 0.003119 3319.000000 0.003319
523 2964.000000 0.002964 3216.000000 0.003216
524 3030.000000 0.003030 3289.000000 0.003289
525 2996.000000 0.002996 3239.000000 0.003239
526 3175.000000 0.003175 3186.000000 0.003186
527 3052.000000 0.003052 3201.000000 0.003201
528 2977.000000 0.002977 3280.000000 0.003280
529 3055.000000 0.003055 3219.000000 0.003219
530 3033.000000 0.003033 3313.000000 0.003313
531 3119.000000 0.003119 3248.000000 0.003248
532 2982.000000 0.002982 3296.000000 0.003296
533 3016.000000 0.003016 3289.000000 0.003289
534 3047.000000 0.003047 3380.000000 0.003380
535 3048.000000 0.003048 3309.000000 0.003309
536 2994.000000 0.002994 3218.000000 0.003218
537 3086.000000 0.003086 3335.000000 0.003335
538 3014.000000 0.003014 3300.000000 0.003300
539 2954.000000 0.002954 3416.000000 0.003416
540 3026.000000 0.003026 3415.000000 0.003415
541 3014.000000 0.003014 3390.000000 0.003390
542 3088.000000 0.003088 3329.000000 0.003329
543 2923.000000 0.002923 3456.000000 0.003456
544 3061.000000 0.003061 3329.000000 0.003329
545 3076.000000 0.003076 3335.000000 0.003335
546 3044.000000 0.003044 3372.000000 0.003372
547 3052.000000 0.003052 3384.000000 0.003384
548 2972.000000 0.002972 3383.000000 0.003383
549 2933.000000 0.002933 3387.000000 0.003387
550 2938.000000 0.002938 3342.000000 0.003342
551 2925.000000 0.002925 3375.000000 0.003375
552 3029.000000 0.003029 3499.000000 0.003499
553 2921.000000 0.002921 3432.000000 0.003432
554 3104.000000 0.003104 3326.000000 0.003326
555 3068.000000 0.003068 3354.000000 0.003354
556 2947.000000 0.002947 3489.000000 0.003489
557 2977.000000 0.002977 3428.000000 0.003428
558 2986.000000 0.002986 3472.000000 0.003472
559 2901.000000 0.002901 3439.000000 0.003439
560 3013.000000 0.003013 3472.000000 0.003472
561 2925.000000 0.002925 3450.000000 0.003450
562 2865.000000 0.002865 3383.000000 0.003383
563 2848.000000 0.002848 3269.000000 0.003269
564 2953.000000 0.002953 3386.000000 0.003386
565 2872.000000 0.002872 3448.000000 0.003448
566 2897.000000 0.002897 3395.000000 0.003395
567 2882.000000 0.002882 3425.000000 0.003425
568 2843.000000 0.002843 3319.000000 0.003319
569 2961.000000 0.002961 3411.000000 0.003411
570 2865.000000 0.002865 3479.000000 0.003479
571 2872.000000 0.002872 3368.000000 0.003368
572 2839.000000 0.002839 3543.000000 0.003543
573 2812.000000 0.002812 3424.000000 0.003424
574 2862.000000 0.002862 3458.000000 0.003458
575 2875.000000 0.002875 3497.000000 0.003497
576 2787.000000 0.002787 3477.000000 0.003477
577 2769.000000 0.002769 3445.000000 0.003445
578 2833.000000 0.002833 3347.000000 0.003347
579 2813.000000 0.002813 3420.000000 0.003420
580 2653.000000 0.002653 3462.000000 0.003462
581 2773.000000 0.002773 3407.000000 0.003407
582 2765.000000 0.002765 3390.000000 0.003390
583 2722.000000 0.002722 3475.000000 0.003475
584 2737.000000 0.002737 3516.000000 0.003516
585 2655.000000 0.002655 3449.000000 0.003449
586 2711.000000 0.002711 3379.000000 0.003379
587 2663.000000 0.002663 3378.000000 0.003378
588 2608.000000 0.002608 3408.000000 0.003408
589 2728.000000 0.002728 3430.000000 0.003430
590 2631.000000 0.002631 3456.000000 0.003456
591 2763.000000 0.002763 3330.000000 0.003330
592 2644.000000 0.002644 3369.000000 0.003369
593 2606.000000 0.002606 3354.000000 0.003354
594 2694.000000 0.002694 3318.000000 0.003318
595 2711.000000 0.002711 3306.000000 0.003306
596 2645.000000 0.002645 3264.000000 0.003264
597 2567.000000 0.002567 3351.000000 0.003351
598 2652.000000 0.002652 3357.000000 0.003357
599 2604.000000 0.002604 3323.000000 0.003323
600 2582.000000 0.002582 3314.000000 0.003314
601 2623.000000 0.002623 3315.000000 0.003315
602 2562.000000 0.002562 3304.000000 0.003304
603 2546.000000 0.002546 3308.000000 0.003308
604 2619.000000 0.002619 3208.000000 0.003208
605 2570.000000 0.002570 3302.000000 0.003302
606 2567.000000 0.002567 3344.000000 0.003344
607 2554.000000 0.002554 3259.000000 0.003259
608 2511.000000 0.002511 3313.000000 0.003313
609 2475.000000 0.002475 3252.000000 0.003252
610 2506.000000 0.002506 3270.000000 0.003270
611 2413.000000 0.002413 3195.000000 0.003195
612 2430.000000 0.002430 3182.000000 0.003182
613 2442.000000 0.002442 3165.000000 0.003165
614 2393.000000 0.002393 3224.000000 0.003224
615 2433.000000 0.002433 3131.000000 0.003131
616 2366.000000 0.002366 3162.000000 0.003162
617 2444.000000 0.002444 3089.000000 0.003089
618 2334.000000 0.002334 3056.000000 0.003056
619 2272.000000 0.002272 3214.000000 0.003214
620 2369.000000 0.002369 3263.000000 0.003263
621 2317.000000 0.002317 3094.000000 0.003094
622 2358.000000 0.002358 3105.000000 0.003105
623 2318.000000 0.002318 3132.000000 0.003132
624 2308.000000 0.002308 3118.000000 0.003118
625 2230.000000 0.002230 3044.000000 0.003044
626 2278.000000 0.002278 3071.000000 0.003071
627 2239.000000 0.002239 3060.000000 0.003060
628 2202.000000 0.002202 3016.000000 0.003016
629 2285.000000 0.002285 3035.000000 0.003035
630 2141.000000 0.002141 3049.000000 0.003049
631 2161.000000 0.002161 3028.000000 0.003028
632 2151.000000 0.002151 3018.000000 0.003018
633 2150.000000 0.002150 3079.000000 0.003079
634 2154.000000 0.002154 2918.000000 0.002918
635 2155.000000 0.002155 3051.000000 0.003051
636 2174.000000 0.002174 2900.000000 0.002900
637 2107.000000 0.002107 2892.000000 0.002892
638 2096.000000 0.002096 2885.000000 0.002885
639 2106.000000 0.002106 2891.000000 0.002891
640 2055.000000 0.002055 2937.000000 0.002937
641 2103.000000 0.002103 2868.000000 0.002868
642 2052.000000 0.002052 2968.000000 0.002968
643 2089.000000 0.002089 2864.000000 0.002864
644 2011.000000 0.002011 2885.000000 0.002885
645 2028.000000 0.002028 2844.000000 0.002844
646 2006.000000 0.002006 2740.000000 0.002740
647 2020.000000 0.002020 2736.000000 0.002736
648 1927.000000 0.001927 2765.000000 0.002765
649 1932.000000 0.001932 2775.000000 0.002775
650 1865.000000 0.001865 2700.000000 0.002700
651 1879.000000 0.001879 2749.000000 0.002749
652 1883.000000 0.001883 2708.000000 0.002708
653 1927.000000 0.001927 2642.000000 0.002642
654 1903.000000 0.001903 2686.000000 0.002686
655 1847.000000 0.001847 2739.000000 0.002739
656 1829.000000 0.001829 2618.000000 0.002618
657 1805.000000 0.001805 2589.000000 0.002589
658 1775.000000 0.001775 2654.000000 0.002654
659 1767.000000 0.001767 2664.000000 0.002664
660 1736.000000 0.001736 2642.000000 0.002642
661 1769.000000 0.001769 2586.000000 0.002586
662 1783.000000 0.001783 2622.000000 0.002622
663 1704.000000 0.001704 2545.000000 0.002545
664 1722.000000 0.001722 2435.000000 0.002435
665 1744.000000 0.001744 2439.000000 0.002439
666 1735.000000 0.001735 2508.000000 0.002508
667 1652.000000 0.001652 2459.000000 0.002459
668 1645.000000 0.001645 2489.000000 0.002489
669 1629.000000 0.001629 2475.000000 0.002475
670 1672.000000 0.001672 2324.000000 0.002324
671 1728.000000 0.001728 2411.000000 0.002411
672 1661.000000 0.001661 2436.000000 0.002436
673 1636.000000 0.001636 2379.000000 0.002379
674 1606.000000 0.001606 2365.000000 0.002365
675 1587.000000 0.001587 2350.000000 0.002350
676 1623.000000 0.001623 2315.000000 0.002315
677 1546.000000 0.001546 2229.000000 0.002229
678 1613.000000 0.001613 2266.000000 0.002266
679 1494.000000 0.001494 2223.000000 0.002223
680 1592.000000 0.001592 2118.000000 0.002118
681 1483.000000 0.001483 2209.000000 0.002209
682 1482.000000 0.001482 2204.000000 0.002204
683 1472.000000 0.001472 2112.000000 0.002112
684 1484.000000 0.001484 2176.000000 0.002176
685 1444.000000 0.001444 2174.000000 0.002174
686 1383.000000 0.001383 2147.000000 0.002147
687 1465.000000 0.001465 2200.000000 0.002200
688 1396.000000 0.001396 2109.000000 0.002109
689 1423.000000 0.001423 2056.000000 0.002056
690 1345.000000 0.001345 2047.000000 0.002047
691 1369.000000 0.001369 2135.000000 0.002135
692 1378.000000 0.001378 2015.000000 0.002015
693 1357.000000 0.001357 2072.000000 0.002072
694 1294.000000 0.001294 1934.000000 0.001934
695 1342.000000 0.001342 1998.000000 0.001998
696 1358.000000 0.001358 2015.000000 0.002015
697 1322.000000 0.001322 1935.000000 0.001935
698 1271.000000 0.001271 1937.000000 0.001937
699 1270.000000 0.001270 1885.000000 0.001885
700 1210.000000 0.001210 1878.000000 0.001878
701 1243.000000 0.001243 1887.000000 0.001887
702 1206.000000 0.001206 1835.000000 0.001835
703 1162.000000 0.001162 1837.000000 0.001837
704 1146.000000 0.001146 1781.000000 0.001781
705 1184.000000 0.001184 1843.000000 0.001843
706 1208.000000 0.001208 1813.000000 0.001813
707 1087.000000 0.001087 1783.000000 0.001783
708 1088.000000 0.001088 1711.000000 0.001711
709 1108.000000 0.001108 1766.000000 0.001766
710 1163.000000 0.001163 1719.000000 0.001719
711 1098.000000 0.001098 1700.000000 0.001700
712 1018.000000 0.001018 1675.000000 0.001675
713 1051.000000 0.001051 1709.000000 0.001709
714 1136.000000 0.001136 1617.000000 0.001617
715 1055.000000 0.001055 1621.000000 0.001621
716 1051.000000 0.001051 1571.000000 0.001571
717 1047.000000 0.001047 1565.000000 0.001565
718 1058.000000 0.001058 1469.000000 0.001469
719 996.000000 0.000996 1536.000000 0.001536
720 978.000000 0.000978 1511.000000 0.001511
721 954.000000 0.000954 1538.000000 0.001538
722 956.000000 0.000956 1428.000000 0.001428
723 951.000000 0.000951 1480.000000 0.001480
724 928.000000 0.000928 1433.000000 0.001433
725 956.000000 0.000956 1380.000000 0.001380
726 890.000000 0.000890 1413.000000 0.001413
727 940.000000 0.000940 1418.000000 0.001418
728 911.000000 0.000911 1398.000000 0.001398
729 917.000000 0.000917 1448.000000 0.001448
730 852.000000 0.000852 1349.000000 0.001349
731 874.000000 0.000874 1380.000000 0.001380
732 817.000000 0.000817 1379.000000 0.001379
733 872.000000 0.000872 1305.000000 0.001305
734 836.000000 0.000836 1271.000000 0.001271
735 732.000000 0.000732 1242.000000 0.001242
736 835.000000 0.000835 1228.000000 0.001228
737 846.000000 0.000846 1299.000000 0.001299
738 799.000000 0.000799 1249.000000 0.001249
739 745.000000 0.000745 1145.000000 0.001145
740 744.000000 0.000744 1261.000000 0.001261
741 784.000000 0.000784 1223.000000 0.001223
742 756.000000 0.000756 1222.000000 0.001222
743 703.000000 0.000703 1196.000000 0.001196
744 733.000000 0.000733 1169.000000 0.001169
745 702.000000 0.000702 1115.000000 0.001115
746 667.000000 0.000667 1122.000000 0.001122
747 696.000000 0.000696 1107.000000 0.001107
748 688.000000 0.000688 1008.000000 0.001008
749 642.000000 0.000642 1041.000000 0.001041
750 625.000000 0.000625 1043.000000 0.001043
751 652.000000 0.000652 973.000000 0.000973
752 636.000000 0.000636 1037.000000 0.001037
753 614.000000 0.000614 983.000000 0.000983
754 633.000000 0.000633 977.000000 0.000977
755 565.000000 0.000565 994.000000 0.000994
756 641.000000 0.000641 1022.000000 0.001022
757 592.000000 0.000592 948.000000 0.000948
758 564.000000 0.000564 950.000000 0.000950
759 571.000000 0.000571 949.000000 0.000949
760 566.000000 0.000566 946.000000 0.000946
761 506.000000 0.000506 889.000000 0.000889
762 533.000000 0.000533 868.000000 0.000868
763 557.000000 0.000557 852.000000 0.000852
764 496.000000 0.000496 876.000000 0.000876
765 535.000000 0.000535 809.000000 0.000809
766 494.000000 0.000494 829.000000 0.000829
767 493.000000 0.000493 802.000000 0.000802
768 471.000000 0.000471 754.000000 0.000754
769 501.000000 0.000501 769.000000 0.000769
770 498.000000 0.000498 759.000000 0.000759
771 477.000000 0.000477 756.000000 0.000756
772 485.000000 0.000485 788.000000 0.000788
773 471.000000 0.000471 752.000000 0.000752
774 443.000000 0.000443 677.000000 0.000677
775 433.000000 0.000433 674.000000 0.000674
776 423.000000 0.000423 693.000000 0.000693
777 418.000000 0.000418 678.000000 0.000678
778 418.000000 0.000418 660.000000 0.000660
779 409.000000 0.000409 665.000000 0.000665
780 390.000000 0.000390 613.000000 0.000613
781 383.000000 0.000383 612.000000 0.000612
782 383.000000 0.000383 609.000000 0.000609
783 377.000000 0.000377 616.000000 0.000616
784 375.000000 0.000375 611.000000 0.000611
785 388.000000 0.000388 584.000000 0.000584
786 358.000000 0.000358 544.000000 0.000544
787 327.000000 0.000327 593.000000 0.000593
788 369.000000 0.000369 515.000000 0.000515
789 358.000000 0.000358 529.000000 0.000529
790 343.000000 0.000343 565.000000 0.000565
791 323.000000 0.000323 543.000000 0.000543
792 314.000000 0.000314 494.000000 0.000494
793 314.000000 0.000314 488.000000 0.000488
794 309.000000 0.000309 499.000000 0.000499
795 331.000000 0.000331 496.000000 0.000496
796 314.000000 0.000314 487.000000 0.000487
797 300.000000 0.000300 409.000000 0.000409
798 315.000000 0.000315 457.000000 0.000457
799 281.000000 0.000281 448.000000 0.000448
800 287.000000 0.000287 442.000000 0.000442
801 272.000000 0.000272 422.000000 0.000422
802 271.000000 0.000271 414.000000 0.000414
803 266.000000 0.000266 423.000000 0.000423
804 240.000000 0.000240 391.000000 0.000391
805 236.000000 0.000236 395.000000 0.000395
806 283.000000 0.000283 369.000000 0.000369
807 264.000000 0.000264 373.000000 0.000373
808 224.000000 0.000224 359.000000 0.000359
809 218.000000 0.000218 354.000000 0.000354
810 219.000000 0.000219 373.000000 0.000373
811 227.000000 0.000227 364.000000 0.000364
812 208.000000 0.000208 348.000000 0.000348
813 222.000000 0.000222 357.000000 0.000357
814 195.000000 0.000195 334.000000 0.000334
815 211.000000 0.000211 314.000000 0.000314
816 178.000000 0.000178 323.000000 0.000323
817 170.000000 0.000170 296.000000 0.000296
818 171.000000 0.000171 307.000000 0.000307
819 218.000000 0.000218 320.000000 0.000320
820 209.000000 0.000209 281.000000 0.000281
821 192.000000 0.000192 263.000000 0.000263
822 194.000000 0.000194 282.000000 0.000282
823 196.000000 0.000196 252.000000 0.000252
824 171.000000 0.000171 270.000000 0.000270
825 170.000000 0.000170 245.000000 0.000245
826 167.000000 0.000167 274.000000 0.000274
827 129.000000 0.000129 241.000000 0.000241
828 144.000000 0.000144 241.000000 0.000241
829 136.000000 0.000136 195.000000 0.000195
830 163.000000 0.000163 246.000000 0.000246
831 136.000000 0.000136 224.000000 0.000224
832 132.000000 0.000132 223.000000 0.000223
833 137.000000 0.000137 209.000000 0.000209
834 121.000000 0.000121 207.000000 0.000207
835 130.000000 0.000130 199.000000 0.000199
836 116.000000 0.000116 190.000000 0.000190
837 128.000000 0.000128 190.000000 0.000190
838 133.000000 0.000133 208.000000 0.000208
839 111.000000 0.000111 168.000000 0.000168
840 109.000000 0.000109 179.000000 0.000179
841 102.000000 0.000102 162.000000 0.000162
842 111.000000 0.000111 126.000000 0.000126
843 102.000000 0.000102 163.000000 0.000163
844 82.000000 0.000082 151.000000 0.000151
845 86.000000 0.000086 157.000000 0.000157
846 70.000000 0.000070 144.000000 0.000144
847 100.000000 0.000100 163.000000 0.000163
848 91.000000 0.000091 136.000000 0.000136
849 100.000000 0.000100 130.000000 0.000130
850 99.000000 0.000099 119.000000 0.000119
851 85.000000 0.000085 121.000000 0.000121
852 71.000000 0.000071 123.000000 0.000123
853 59.000000 0.000059 124.000000 0.000124
854 59.000000 0.000059 122.000000 0.000122
855 77.000000 0.000077 123.000000 0.000123
856 71.000000 0.000071 128.000000 0.000128
857 64.000000 0.000064 133.000000 0.000133
858 63.000000 0.000063 107.000000 0.000107
859 59.000000 0.000059 107.000000 0.000107
860 55.000000 0.000055 113.000000 0.000113
861 54.000000 0.000054 93.000000 0.000093
862 64.000000 0.000064 93.000000 0.000093
863 47.000000 0.000047 81.000000 0.000081
864 56.000000 0.000056 84.000000 0.000084
865 48.000000 0.000048 86.000000 0.000086
866 66.000000 0.000066 71.000000 0.000071
867 44.000000 0.000044 63.000000 0.000063
868 48.000000 0.000048 74.000000 0.000074
869 50.000000 0.000050 60.000000 0.000060
870 46.000000 0.000046 58.000000 0.000058
871 37.000000 0.000037 66.000000 0.000066
872 38.000000 0.000038 74.000000 0.000074
873 34.000000 0.000034 67.000000 0.000067
874 32.000000 0.000032 55.000000 0.000055
875 26.000000 0.000026 59.000000 0.000059
876 29.000000 0.000029 48.000000 0.000048
877 23.000000 0.000023 55.000000 0.000055
878 28.000000 0.000028 57.000000 0.000057
879 29.000000 0.000029 51.000000 0.000051
880 25.000000 0.000025 47.000000 0.000047
881 31.000000 0.000031 27.000000 0.000027
882 26.000000 0.000026 49.000000 0.000049
883 26.000000 0.000026 37.000000 0.000037
884 19.000000 0.000019 38.000000 0.000038
885 19.000000 0.000019 32.000000 0.000032
886 17.000000 0.000017 28.000000 0.000028
887 21.000000 0.000021 33.000000 0.000033
888 19.000000 0.000019 23.000000 0.000023
889 16.000000 0.000016 23.000000 0.000023
890 14.000000 0.000014 24.000000 0.000024
891 22.000000 0.000022 25.000000 0.000025
892 25.000000 0.000025 18.000000 0.000018
893 14.000000 0.000014 18.000000 0.000018
894 11.000000 0.000011 23.000000 0.000023
895 13.000000 0.000013 21.000000 0.000021
896 9.000000 0.000009 19.000000 0.000019
897 6.000000 0.000006 24.000000 0.000024
898 13.000000 0.000013 16.000000 0.000016
899 9.000000 0.000009 19.000000 0.000019
900 9.000000 0.000009 16.000000 0.000016
901 12.000000 0.000012 18.000000 0.000018
902 6.000000 0.000006 16.000000 0.000016
903 7.000000 0.000007 15.000000 0.000015
904 4.000000 0.000004 14.000000 0.000014
905 6.000000 0.000006 10.000000 0.000010
906 6.000000 0.000006 8.000000 0.000008
907 0.000000 0.000000 10.000000 0.000010
908 5.000000 0.000005 8.000000 0.000008
909 6.000000 0.000006 10.000000 0.000010
910 6.000000 0.000006 10.000000 0.000010
911 6.000000 0.000006 7.000000 0.000007
912 3.000000 0.000003 8.000000 0.000008
913 2.000000 0.000002 4.000000 0.000004
914 4.000000 0.000004 9.000000 0.000009
915 4.000000 0.000004 0.000000 0.000000
916 2.000000 0.000002 4.000000 0.000004
917 2.000000 0.000002 3.000000 0.000003
918 2.000000 0.000002 7.000000 0.000007
919 1.000000 0.000001 3.000000 0.000003
920 3.000000 0.000003 3.000000 0.000003
921 2.000000 0.000002 5.000000 0.000005
922 0.000000 0.000000 5.000000 0.000005
923 4.000000 0.000004 0.000000 0.000000
924 1.000000 0.000001 1.000000 0.000001
925 3.000000 0.000003 0.000000 0.000000
926 0.000000 0.000000 0.000000 0.000000
927 1.000000 0.000001 2.000000 0.000002
928 1.000000 0.000001 2.000000 0.000002
929 2.000000 0.000002 0.000000 0.000000
930 2.000000 0.000002 0.000000 0.000000
931 0.000000 0.000000 2.000000 0.000002
932 1.000000 0.000001 2.000000 0.000002
933 0.000000 0.000000 2.000000 0.000002
934 0.000000 0.000000 0.000000 0.000000
935 0.000000 0.000000 0.000000 0.000000
936 0.000000 0.000000 0.000000 0.000000
937 1.000000 0.000001 0.000000 0.000000
938 0.000000 0.000000 0.000000 0.000000
939 0.000000 0.000000 0.000000 0.000000
940 0.000000 0.000000 0.000000 0.000000
941 0.000000 0.000000 0.000000 0.000000
942 0.000000 0.000000 0.000000 0.000000
943 0.000000 0.000000 0.000000 0.000000
944 0.000000 0.000000 0.000000 0.000000
945 0.000000 0.000000 0.000000 0.000000
946 0.000000 0.000000 0.000000 0.000000
947 0.000000 0.000000 0.000000 0.000000
948 0.000000 0.000000 0.000000 0.000000
949 0.000000 0.000000 0.000000 0.000000
950 0.000000 0.000000 0.000000 0.000000
951 0.000000 0.000000 0.000000 0.000000
952 0.000000 0.000000 0.000000 0.000000
953 0.000000 0.000000 0.000000 0.000000
954 0.000000 0.000000 0.000000 0.000000
955 0.000000 0.000000 0.000000 0.000000
956 0.000000 0.000000 0.000000 0.000000
957 0.000000 0.000000 0.000000 0.000000
958 0.000000 0.000000 0.000000 0.000000
959 0.000000 0.000000 0.000000 0.000000
